Cargo.toml
  h_e5596228a2372c 42-43,48,55,62,66-67,69,73,77,81,97,102,104,107-108,111
  h_e5596228a2372c 101,103,105-106,109-110
Cargo.lock
  h_e5596228a2372c 22,24,37,39,96,98,101-102,104,106,128,133,135,139,159,161,165,167,175,177,183,195,207-212,242,244,269,271,274,279-285,287,291-297,299,303,305,318,320,329-330,332,335-336,338,341-342,344-349,353,355,367,369,381,387,389,399,401,408,410,418,420,425,430,432,436,438,478,480,488,490,502,504,508,527-555,582-587,597-605,608,610,615-620,623,625,632,634,642,644,651,653,661,670,734,751,766,768,770-771,784,789,791,797,808,813,815,817,819,863,909,930,936,938,942,1003,1005,1015,1017,1020-1024,1074,1076,1078,1107,1109,1130,1132,1140,1142,1146,1148,1158,1160,1163-1164,1196,1198,1206,1208,1212,1214,1218,1220,1224,1229,1231,1235,1237,1241,1243,1271,1301,1303,1306,1309-1310,1321,1323,1325,1336,1338,1349,1351,1368,1370,1372-1374,1379,1381,1385,1390,1392,1394,1411,1413,1432,1434,1442,1444,1452,1454,1471,1473,1492,1494,1507,1509,1511,1517,1557,1559,1563,1571,1573,1584,1586,1598,1600,1604,1606,1608,1619,1621,1625,1627,1657,1659,1667,1669,1689,1691,1694,1699,1701,1703,1705,1721,1723,1725,1729,1754-1755,1766,1776,1778,1789,1798,1800,1828-1836,1845,1847,1851-1852,1854-1855,1857,1861-1862,1864,1866-1870,1889,1894,1896,1898,1904,1906,1908-1909,1921,1932,1934,1938,1940,1944,1946,1956-1961,1964,1966,1973,1975,1984,1986,1998,2000,2010,2012,2014,2031,2033,2052,2054,2058,2060,2062,2067,2069,2073,2075,2077-2078,2092,2094,2128-2136,2144,2146,2154-2159,2166,2178-2191,2227,2229,2239,2262,2264,2275,2296,2307,2340,2358,2381-2391,2394,2403,2415,2475,2477,2512,2514,2518,2528-2534,2536-2563,2583,2596,2598,2606,2608,2616,2618,2624,2629,2631,2663,2676,2706,2708,2712,2714,2718,2720,2727,2729,2757,2759,2766,2768,2770,2785,2787,2797,2805,2807,2811,2813-2814,2820,2828,2830,2837,2842,2844,2863,2865,2872,2874,2876-2878,2892,2894-2900,2902,2907,2909,2915,2918,2923,2925,2927,2929-2931,2934-2937,2940,2945,2947,2957,2959,2966,2969-2980,2988,2990,2995-2996,3001,3003,3005-3006,3009,3012-3013,3016,3021,3023,3045,3061,3063,3066,3071,3073,3080,3082,3086,3091,3093,3103,3105,3114,3116,3120,3122,3124,3127,3177-3186,3189,3191,3193,3201,3207,3209,3217,3219,3223,3225,3242,3251,3253,3255,3264,3266,3269,3280,3282,3292,3294,3302,3304,3323,3325,3329,3331,3341,3343,3371,3373,3384,3386,3391,3402,3404,3412,3414,3420-3421,3430,3460,3462,3465,3468,3471,3475,3483,3485,3489,3491,3499,3501,3508,3510,3514,3519,3521,3525,3530,3532,3543,3545,3569,3590,3592,3606,3608,3647-3653,3655-3665,3669,3671,3681,3683,3687,3689,3695-3705,3716-3727,3757,3759,3761,3773,3795,3797-3808,3826,3828,3832,3837,3839,3846,3856,3873,3875,3889,3891,3906-3918,3947-3948,3993,3995,3997,4008,4013,4015,4019,4024,4026,4033,4035,4038,4045,4050,4052,4055-4056,4058,4060-4061,4065-4066,4068,4070-4071,4075-4076,4078,4082,4084,4098,4100,4104,4109,4111,4119,4121,4130,4132,4137,4144,4146,4159,4161,4168,4170,4177,4179,4198,4200,4202,4211,4245,4300,4302,4306,4317,4319,4325-4330,4333,4335,4345,4347,4351,4353,4357,4359,4367,4369,4380,4382,4402-4435,4454-4459,4474,4476,4479,4542,4544,4557,4559,4566,4568,4579,4581,4584,4590,4592,4600,4602,4607,4613,4615,4635,4637,4655,4657,4664,4666,4839,4850,4904,4913,4931-4938,5000,5002,5006,5008,5012,5014,5023,5034,5036,5045,5047,5051,5057,5059,5066,5068,5072,5078,5080,5084,5086,5095,5097,5106,5108,5112,5117,5119,5126,5132,5134,5136,5138,5141-5146,5149,5151
src/component/completion_edit.rs
  h_e5596228a2372c 7,64,166,229,267,309,319,329,336,351,358,365,373,381,389,397,405,415,429,431,455,480,514,531,564,569,574
src/component/edit.rs
  h_e5596228a2372c 6,61,136,155,215,233,247,280,290,300,307,322,329,336,344,352,360,368,375,385,414,438,472,492
src/component/search.rs
  h_e5596228a2372c 1,7,60,123,143,182,185,196,205,226,246,254,264,271,304,316,328,336,352,366,380,393,406,417,428,440,462,479,507,529,542,570,585,600,637,669,687,724,743,819
src/component/variable.rs
  h_e5596228a2372c 1,7,53,114,151,193,204,209,233,242,251,265,318,346,373,387,401,425,448,468,505,523,552,561,584,601,798,824,831,842,873,906,911,933,971,985,991,996,1014,1025,1042,1050,1070,1092
src/process/update.rs
  h_e5596228a2372c 3,104,114-115,177
src/service/tldr.rs
  h_e5596228a2372c 268,309
src/storage/command.rs
  h_e5596228a2372c 9,96
src/storage/mod.rs
  h_e5596228a2372c 21,30-31
src/storage/release.rs
  h_e5596228a2372c 106
src/storage/sea_query_rusqlite.rs
  h_e5596228a2372c 1-97
---
{
  "schema_version": "authorship/3.0.0",
  "git_ai_version": "1.7.4",
  "base_commit_sha": "aebf5ebc440a4711b4b1b07257a8f7b6076e8290",
  "prompts": {},
  "humans": {
    "h_e5596228a2372c": {
      "author": "Luis Alberto Santos <lasantosr.92@gmail.com>"
    }
  }
}